1 2
1 4
1 5
1 6
1 7
10 3
10 4
10 9
11 12
11 19
12 13
12 18
12 20
13 14
13 17
13 19
14 15
14 19
15 16
15 18
16 17
17 18
18 19
19 20
2 3
2 4
2 7
2 8
2 9
21 22
22 23
22 24
22 26
22 30
23 24
23 26
23 27
23 29
24 25
24 28
25 26
25 27
25 28
25 30
26 27
27 28
27 29
28 29
29 30
3 4
31 32
31 33
31 35
31 37
31 38
32 33
32 36
32 40
33 34
33 35
33 37
33 39
34 35
34 38
35 36
35 37
35 38
36 37
37 38
38 39
39 40
4 5
4 6
4 9
41 42
41 44
41 45
41 46
41 47
42 43
42 44
43 44
43 48
43 49
43 50
44 45
44 46
44 49
45 46
45 47
45 49
46 47
47 48
48 49
49 50
5 6
5 9
6 7
7 8
8 9